TCS	2,385.05	-0.55	2,740.00	2,119.00	469,956.92
Reliance	1,086.90	0.70	1,128.90	933.00	352,493.18
HDFC Bank	1,258.55	0.09	1,318.20	928.80	320,380.73
ITC			239.80	-2.44	266.00	178.76	290,435.20
Infosys			1,041.60	0.33	1,278.00	996.15	239,249.76
ONGC			278.65	0.83	281.00	188.00	238,398.73
HDFC			1,343.50	-0.61	1,463.25	1,012.00	212,808.21
SBI			254.80	-0.82	271.55	148.30	197,795.56
Coal India			312.50	-0.02	349.85	272.05	197,386.39
Tata Motors		550.25	-0.60	598.60	266.00	186,847.31
HUL			846.00	-1.00	954.00	765.35	183,097.64
Sun Pharma		750.40	0.87	913.70	706.40	180,602.82
Maruti Suzuki		5,607.70	-0.33	5,770.00	3,202.10	169,397.44
IOC			326.90	1.93	333.60	188.28	158,739.53
ICICI Bank		265.00	-2.00	290.05	180.80	154,207.79
Kotak Mahindra		774.05	-0.41	825.60	586.50	142,216.74
Larsen			1,485.80	-0.18	1,615.00	1,016.60	138,526.22
Axis Bank			535.35	0.57	638.00	366.65	127,968.92
NTPC			148.95	0.78	168.80	119.10	123,123.23
Bharti Airtel		307.30	0.29	384.90	282.30	122,840.11
Wipro			494.55	2.74	606.75	470.00	120,215.30
HCL Tech			828.25	-0.72	889.80	706.50	116,858.75
Asian Paints
